32
32
32
32
35
35
35
35
35
45
45
45
45
45
45
46
46
46
46
46
49
49
49
50
50
50
50
50
111
111
111
111
110
110
110
108
108
108
108
108
99
99
99
99
99
96
96
96
96
96
32
32
32
32
35
35
35
35
35
45
45
45
45
45
45
46
46
46
46
46
49
49
49
50
50
50
50
50
50
111
111
111
110
110
110
108
108
108
108
108
99
99
99
99
99
96
96
96
96
96
32
32
32
32
35
35
35
35
35
45
45
45
45
45
45
46
46
46
46
49
49
49
49
50
50
50
50
50
50
50
111
111
110
110
110
108
108
108
108
108
99
99
99
99
99
96
96
96
96
96
32
32
32
32
35
35
34
34
34
45
45
45
44
44
44
46
46
46
46
49
49
49
49
50
50
50
50
51
51
111
111
111
110
110
110
110
110
108
108
108
99
99
99
99
99
97
97
97
96
96
32
32
32
33
33
34
34
34
34
44
44
44
44
44
44
47
47
47
47
47
47
49
49
49
51
51
51
51
51
111
111
111
110
109
109
110
110
109
109
109
98
98
98
98
98
97
97
97
97
97
33
33
33
33
33
34
34
34
34
34
44
44
44
44
44
47
47
47
47
47
47
49
49
49
51
51
51
51
51
105
111
111
110
109
109
109
109
109
109
109
98
98
98
98
98
98
97
97
97
97
33
33
33
33
33
34
34
34
34
34
44
44
44
44
42
47
47
47
47
47
47
48
48
48
48
51
51
51
51
105
111
111
111
109
109
109
109
109
109
109
98
98
98
98
98
98
97
97
97
97
33
33
33
33
33
34
34
34
34
34
44
44
44
42
42
42
42
42
47
47
48
48
48
48
48
51
51
51
51
105
105
105
104
104
104
107
107
107
107
107
103
103
103
98
98
98
97
97
97
97
36
36
36
36
33
39
39
39
43
43
43
43
43
42
42
42
42
42
47
47
48
48
48
48
48
52
52
52
52
105
105
105
104
104
104
107
107
107
107
107
103
103
103
103
103
103
100
100
100
100
36
36
36
36
36
39
39
39
43
43
43
43
43
43
42
42
42
42
55
55
55
54
54
54
48
52
52
52
52
105
105
105
104
104
104
107
107
107
107
107
103
103
103
103
103
103
100
100
100
100
36
36
36
36
36
39
39
39
43
43
43
43
43
43
42
42
42
42
55
55
55
54
54
54
54
52
52
52
52
105
105
105
104
104
104
107
107
107
107
107
103
103
103
103
103
100
100
100
100
100
36
36
36
36
36
39
39
39
43
43
43
41
41
41
41
41
55
55
55
55
55
54
54
54
54
52
52
52
52
105
105
105
104
104
104
106
106
106
106
106
106
102
102
102
102
102
100
100
100
100
37
37
37
37
37
39
39
39
39
41
41
41
41
41
41
41
55
55
55
55
55
54
54
54
54
53
53
53
53
105
105
105
104
104
104
106
106
106
106
106
102
102
102
102
102
102
100
100
100
100
37
37
37
37
37
39
39
39
39
41
41
41
41
41
41
56
56
56
55
55
55
54
54
54
53
53
53
53
53
53
105
105
104
123
123
106
106
106
106
106
102
102
102
102
101
101
101
101
101
101
37
37
37
37
37
38
38
38
38
41
41
41
41
40
40
56
56
56
55
55
55
54
54
54
53
53
53
53
53
53
123
123
123
123
123
120
120
120
120
106
102
102
102
102
101
101
101
101
101
101
37
37
37
37
37
38
38
38
38
40
40
40
40
40
40
56
56
56
57
57
57
57
61
61
53
53
53
53
53
63
123
123
123
123
123
120
120
120
120
106
102
102
102
102
101
101
101
101
101
101
6
6
6
6
38
38
38
38
38
40
40
40
40
40
40
56
56
56
57
57
57
57
61
61
61
63
63
63
63
63
123
123
123
123
123
120
120
120
120
117
117
117
117
117
117
119
119
101
101
101
6
6
6
6
38
38
38
38
38
40
40
40
40
40
40
56
56
56
57
57
57
57
61
61
61
63
63
63
63
63
123
123
123
123
123
121
121
120
120
117
117
117
117
117
117
119
119
119
119
119
6
6
6
7
7
7
7
4
4
4
4
40
40
40
56
56
56
56
57
57
57
61
61
61
61
63
63
63
63
63
122
122
122
122
122
121
121
121
121
120
117
117
117
117
117
119
119
119
119
119
6
6
6
7
7
7
7
4
4
4
4
58
58
58
58
58
59
59
57
57
57
61
61
61
61
63
63
63
63
63
122
122
122
122
122
121
121
121
121
120
116
116
116
116
116
119
119
119
119
119
6
6
6
7
7
7
7
4
4
5
5
5
5
58
58
58
59
59
59
57
57
61
61
61
61
62
62
62
62
62
62
122
122
122
122
121
121
121
121
124
116
116
116
116
116
118
118
118
118
118
6
6
6
7
7
7
7
4
5
5
5
5
5
58
58
58
59
59
59
59
60
60
60
60
60
62
62
62
62
62
62
122
122
122
122
121
121
124
124
124
116
116
116
116
118
118
118
118
118
118
6
0
0
0
0
4
4
4
5
5
5
5
5
58
58
58
59
59
59
59
60
60
60
60
60
62
62
62
62
62
62
126
126
126
126
126
126
124
124
124
116
116
116
116
118
118
118
118
118
118
0
0
0
0
0
4
4
4
5
5
5
5
5
58
58
58
14
59
59
59
60
60
60
60
60
60
62
62
62
66
66
126
126
126
126
126
126
124
124
124
114
114
114
114
118
112
112
112
112
112
0
0
0
0
0
1
1
1
1
15
15
15
58
58
14
14
14
10
10
10
10
60
60
60
60
60
65
65
62
66
66
126
126
126
126
126
127
124
124
124
114
114
114
114
114
112
112
112
112
112
2
2
0
0
0
1
1
1
1
15
15
15
15
15
14
14
14
10
10
10
10
11
11
11
11
65
65
65
65
66
66
126
126
127
127
127
127
124
124
124
114
114
114
114
114
112
112
112
112
112
2
2
0
0
0
1
1
1
1
15
15
15
15
15
14
14
14
10
10
10
10
11
11
11
11
65
65
65
65
66
66
66
66
127
127
127
127
125
125
125
114
114
114
114
114
112
112
112
112
112
2
2
2
0
0
1
1
1
1
15
15
15
15
15
14
14
14
10
10
10
10
11
11
11
11
65
65
65
65
66
66
66
66
127
127
127
127
125
125
125
115
115
115
115
115
113
113
113
113
113
2
2
2
3
3
3
1
1
1
1
1
12
15
15
14
14
14
14
10
10
10
11
11
11
11
65
65
67
67
66
66
66
66
127
127
125
125
125
125
125
115
115
115
115
115
113
113
113
113
113
2
2
2
3
3
3
3
12
12
12
12
12
13
13
13
13
14
14
10
10
10
11
11
11
11
65
65
67
67
67
67
67
67
67
67
125
125
125
125
125
115
115
115
115
115
113
113
113
113
113
2
2
2
3
3
3
3
12
12
12
12
12
13
13
13
13
14
14
8
9
9
9
64
64
64
64
64
64
67
67
67
67
67
67
67
125
125
125
125
125
115
115
115
115
113
113
113
113
113
113
2
2
2
3
3
3
3
12
12
12
12
12
13
13
13
13
8
8
8
9
9
9
64
64
64
64
64
64
67
67
67
67
67
67
67
125
125
125
95
95
95
95
95
89
89
89
89
89
89
89
19
19
19
3
3
3
3
12
12
12
12
12
13
13
13
13
8
8
8
9
9
9
64
64
64
64
64
71
71
71
71
71
71
94
94
94
94
94
95
95
95
95
95
89
89
89
89
89
89
89
19
19
19
16
16
16
16
16
16
16
16
13
13
13
13
8
8
8
8
9
9
9
68
68
68
68
68
71
71
71
71
71
71
94
94
94
94
94
95
95
95
95
95
89
89
89
89
89
89
89
19
19
19
16
16
16
16
16
16
16
16
13
27
27
27
8
8
8
8
9
9
9
68
68
68
68
68
71
71
71
71
71
71
94
94
94
94
94
95
95
95
91
91
91
88
88
88
88
88
88
19
19
19
18
18
16
16
16
16
16
27
27
27
27
27
8
8
8
8
9
9
9
68
68
68
68
68
71
71
71
71
71
71
94
94
94
94
94
93
95
95
91
91
91
88
88
88
88
88
88
19
19
18
18
18
18
17
17
17
17
27
27
27
27
24
24
24
24
24
9
9
9
68
68
69
69
69
69
69
70
70
70
70
70
94
94
92
92
93
93
93
91
91
91
88
88
88
88
88
88
19
19
18
18
18
18
17
17
17
17
27
27
27
27
24
24
24
24
24
24
24
79
79
79
69
69
69
69
69
70
70
70
70
70
92
92
92
92
93
93
93
91
91
91
90
90
90
88
88
88
18
18
18
18
18
18
17
17
17
17
27
27
27
27
24
25
25
24
24
24
24
79
79
79
69
69
69
69
69
70
70
70
70
70
92
92
92
92
93
93
93
91
91
91
90
90
90
90
90
90
18
18
18
18
18
18
17
17
17
17
26
26
27
27
25
25
25
25
25
24
24
79
79
79
79
69
69
69
69
70
70
70
70
70
92
92
92
92
93
93
93
91
91
90
90
90
90
90
90
90
20
20
20
21
21
21
17
17
17
26
26
26
26
26
25
25
25
25
25
78
78
79
79
79
79
73
73
73
72
72
72
72
72
85
92
92
92
92
93
93
93
91
91
90
90
90
90
90
90
90
20
20
20
21
21
21
21
17
17
26
26
26
26
26
25
25
25
25
25
78
78
78
78
78
79
73
73
73
72
72
72
72
72
85
85
85
85
85
87
87
87
87
83
83
83
83
82
82
82
82
20
20
20
21
21
21
21
21
26
26
26
30
30
30
28
25
25
25
25
78
78
78
78
78
79
73
73
73
72
72
72
72
72
85
85
85
85
87
87
87
87
87
83
83
83
83
82
82
82
82
20
20
20
21
21
21
21
21
26
26
26
30
30
30
28
28
28
28
28
78
78
78
78
76
79
79
73
73
73
73
72
72
72
85
85
85
85
87
87
87
87
87
83
83
83
83
82
82
82
82
20
20
20
20
21
21
21
21
26
26
26
30
30
28
28
28
28
28
28
78
78
78
78
76
76
76
73
73
73
73
74
74
74
85
85
85
85
87
87
87
86
86
83
83
83
83
82
82
82
82
20
20
20
23
22
22
22
22
30
30
30
30
30
28
28
28
28
28
29
29
77
77
77
76
76
76
75
75
73
73
74
74
74
85
85
85
85
87
87
87
86
86
81
81
81
81
82
82
80
80
23
23
23
23
22
22
22
22
30
30
30
30
30
28
28
28
29
29
29
29
77
77
77
76
76
76
75
75
75
75
74
74
74
84
84
84
84
84
87
87
86
86
81
81
81
81
80
80
80
80
23
23
23
23
22
22
22
22
22
31
31
31
31
31
31
29
29
29
29
77
77
77
77
77
76
76
75
75
75
75
74
74
74
84
84
84
84
84
86
86
86
86
81
81
81
81
80
80
80
80
23
23
23
23
23
22
22
22
22
31
31
31
31
31
31
29
29
29
29
77
77
77
77
77
76
76
75
75
75
75
74
74
74
84
84
84
84
84
86
86
86
86
81
81
81
81
80
80
80
80
23
23
23
23
23
22
22
22
22
31
31
31
31
31
31
29
29
29
29
77
77
77
77
77
76
76
75
75
75
75
74
74
74
84
84
84
84
84
86
86
86
86
81
81
81
81
80
80
80
80
68
44
65
122
59
93
121
36
36
106
66
22
89
112
109
65
47
124
70
37
111
73
72
53
2
34
93
49
116
83
97
69
55
70
9
59
23
100
86
106
86
57
56
43
35
123
102
26
2
75
114
16
65
18
46
103
22
104
35
1
92
82
67
36
5
6
8
95
50
98
45
4
13
107
124
127
85
46
49
127
111
52
25
97
76
48
2
52
0
27
76
80
1
39
109
43
57
58
79
42
95
39
79
12
124
107
93
99
88
120
19
75
93
46
124
120
111
54
124
28
102
76
88
123
33
29
84
14
109
122
118
19
61
74
29
8
72
37
100
69
110
58
4
68
118
77
116
68
0
68
110
5
53
82
62
121
72
65
127
72
65
68
70
48
127
91
112
48
51
64
115
96
34
59
38
68
69
73
75
59
1
46
20
120
112
28
84
97
115
115
15
119
78
121
84
122
69
126
28
81
8
52
17
113
80
69
11
106
30
118
56
74
34
60
43
19
89
96
55
25
19
76
119
118
127
72
19
65
125
94
86
26
72
95
83
124
50
5
57
95
58
37
54
93
119
106
86
104
118
41
120
20
21
57
58
27
8
6
99
34
64
21
1
126
81
86
16
101
42
78
89
70
4
48
64
11
15
36
17
36
122
59
77
33
92
51
19
61
108
6
44
60
114
76
116
99
29
112
9
81
42
31
107
108
117
75
93
32
32
31
99
85
43
25
113
40
31
80
114
31
62
94
80
19
103
108
24
76
19
5
91
3
74
65
38
52
56
87
66
19
96
80
108
23
122
45
92
124
22
117
62
74
56
11
93
82
117
21
48
6
16
44
48
95
104
50
127
73
35
101
0
9
127
61
106
58
109
104
103
12
75
28
100
33
91
20
66
23
121
8
14
17
8
124
9
98
4
17
31
82
48
116
7
103
121
9
100
117
60
11
10
39
88
79
121
120
72
46
97
127
79
98
69
48
70
18
14
86
102
121
3
54
25
110
52
76
63
79
123
53
59
96
121
105
20
2
74
38
100
48
108
84
21
0
82
107
117
29
32
42
120
83
112
41
5
78
27
119
116
4
29
15
58
2
13
67
88
29
42
29
126
1
49
109
4
83
96
3
30
111
13
23
2
7
115
60
68
125
54
98
27
59
33
24
32
30
12
12
66
8
61
40
57
26
117
24
74
32
44
41
14
81
117
92
62
97
52
80
77
59
110
84
115
50
35
116
18
99
39
36
2
10
17
114
15
85
92
15
68
43
77
7
87
7
98
7
85
26
119
30
20
38
16
20
3
127
92
120
46
33
23
86
49
4
63
83
114
87
126
91
66
75
108
105
83
7
41
12
35
56
6
82
126
66
30
31
92
3
10
119
90
98
86
21
61
7
81
74
73
47
87
124
120
55
39
47
51
30
97
82
59
117
108
66
56
123
105
38
78
35
68
35
118
119
13
111
75
104
93
107
40
54
45
113
46
122
36
26
103
51
117
93
30
64
18
49
110
33
46
25
14
95
16
114
3
64
30
96
69
111
43
10
51
76
53
55
126
59
24
78
122
115
48
45
73
66
38
104
118
38
89
63
33
64
64
15
64
13
106
122
7
83
120
124
83
94
56
24
107
81
91
91
113
58
72
101
115
105
7
45
83
89
79
52
78
114
77
37
126
48
90
20
93
5
76
57
22
119
60
104
103
22
63
37
99
112
52
49
5
96
