130 210
2 11
1 3 12 110
2 4 123 13
3 5 14
4 6 15
16 5 7
17 6 8 106
18 7 9
19 8 10
20 9
1 21 12
2 22 11 13
130 3 23 12 14
4 24 13 15
16 5 25 14
17 6 26 15
16 18 7 27 111
17 19 8 28
18 20 9 29
19 10 30
22 11 31
32 21 23 12
33 22 24 13
34 23 25 14
35 103 24 26 15
16 36 119 25 27
17 37 102 26 28
18 38 27 29
19 39 28 30
20 40 29
32 21 41 124
33 22 42 31
32 34 23 43
33 35 24 44
34 36 120 25 45
35 37 26 46
36 38 27 47
48 37 39 28
49 38 40 29
50 39 30
128 51 42 31
32 52 41 43
33 53 42 44
34 54 43 45
35 55 44 46
114 36 56 45 47
48 37 57 46
49 38 58 47
48 50 39 104 59
49 40 121 60
52 41 61
115 51 53 42 62
52 54 43 63
64 53 55 108 44
65 54 56 45
66 55 57 46
67 56 58 47
48 68 57 59
49 69 58 60
50 70 59
51 71 62
52 72 61 63
64 53 73 62
65 54 74 63
64 66 55 75
113 65 67 56 76
66 68 105 57 77
67 69 58 125 78
68 70 59 79
80 69 60 127
81 72 61 126
82 71 73 109 62
83 72 74 63
64 84 73 75
65 85 74 76
66 86 75 77
67 87 76 78
68 88 77 79
80 69 118 89 78
117 70 90 79
82 71 91
81 83 72 107 92
82 84 73 93
129 83 85 74 94
84 101 86 75 95
96 85 87 76
97 86 88 77
112 98 87 89 78
99 88 90 79
80 100 89
81 92
82 91 93
83 116 92 94
84 93 95
96 85 122 94
97 86 95
96 98 87
97 99 88
98 100 89
99 90
85
27
25
49
67
7
82
54
72
2
17
88
66
46
52
93
80
79
26
35
50
95
3
31
68
71
70
41
84
13
