3250 5650
2 51
1 3 52 2809
2 4 53
3 5 54
4 6 55 2559
5 7 56
2869 6 8 57
7 9 58
8 10 59
9 11 60
10 12 61
11 13 62
12 14 63
64 13 15
16 65 14
17 66 15
16 18 67 3145 2682
17 19 68
18 20 69 2918
19 21 70 2614
20 22 71
21 23 72
22 24 73
23 25 74
24 26 75
25 27 76
2569 26 28 77
27 29 78
28 30 79
80 29 31
32 81 30
33 82 31
32 34 83
33 35 84
34 36 85
35 37 86
36 38 87 2951
2789 37 39 88
38 40 89
3123 39 41 90
40 42 91
41 43 92 3038
42 44 93
2759 43 45 94
2811 44 46 95
96 45 47
48 2672 3168 97 46
49 98 47
48 50 3250 99
49 100
1 52 101
2 51 53 102
3 52 54 103 3005
4 53 55 104
5 54 56 105
6 55 57 106
7 56 58 107
8 57 59 108
9 58 60 109
10 59 61 110
11 60 62 2846 111
112 12 61 63
64 113 13 62
65 114 14 63
64 66 115 3220 15
16 65 67 116 2555
17 66 68 117
18 67 69 118
19 68 70 119
20 69 71 120
3073 21 70 72 121
22 71 73 122
2528 23 72 74 123
24 73 75 124
25 74 76 125
26 75 77 126
27 76 78 127
128 2866 28 77 79
80 129 29 78
81 130 30 79
80 82 3170 131 31
32 81 83 132 2990
33 82 84 133
34 83 85 134
35 84 3157 86 135
36 85 87 136
37 86 88 137
38 87 89 138
39 88 90 139 3083
40 89 2826 91 140
41 90 92 141
42 91 93 142
43 92 94 143
144 44 93 95
96 145 45 94
97 146 2987 46 95
96 98 147 2841 47
48 97 99 148 2942
49 98 100 149
50 99 150
51 102 151
52 101 103 152
53 102 104 2808 153
54 103 105 154 3018
55 104 106 155
56 105 107 156
57 106 108 157
3089 58 107 3132 109 158
2545 3130 59 108 110 159
160 2571 60 109 111
112 161 61 110
113 162 62 111
112 114 163 63
64 113 115 164
65 114 116 165
66 115 117 166
67 116 118 167
68 117 119 168
69 118 120 169 3069
70 119 121 170
71 120 122 171
72 121 123 172
3156 73 122 124 173
74 123 125 174
75 124 126 175
176 76 125 127
128 177 77 126
129 178 78 127
128 130 179 79
80 129 131 180 3034
81 130 132 181 2521
82 131 133 182
83 132 134 183
84 133 135 184
85 134 3031 136 185
86 135 137 186 2843
87 136 138 187
88 137 139 188
89 138 140 189
90 139 141 190
91 140 142 191
192 92 141 143
144 193 93 142
145 194 94 143
144 146 195 3245 95
96 145 147 196
97 146 148 197
98 147 149 198
99 148 150 199
100 149 200
101 152 201
102 151 153 202 2959
103 152 154 203
104 153 155 204
105 154 156 205
106 3035 155 157 206
2713 107 156 158 207
208 2760 108 157 159
160 209 109 158
161 210 110 159
160 162 211 3143 111
112 3184 161 163 212
113 162 164 213
114 163 165 214
115 164 166 215
2578 116 165 167 216
117 166 168 217
118 3159 167 169 218
119 168 170 219
2983 120 169 171 220
121 170 172 221
2579 122 171 173 222
123 172 174 223
224 124 173 175
176 225 125 174
177 226 126 175
176 2737 178 227 127
128 177 2786 179 228
129 178 180 229
130 179 181 230
131 180 182 231
132 181 183 232
133 182 184 233
134 183 185 234
2641 135 184 186 235
136 185 187 236
137 186 188 237
2804 138 187 189 238
139 188 190 239
240 140 189 191
2608 192 241 141 190
193 242 142 191
192 194 243 143
144 193 195 244
145 194 196 245 2796
2688 146 195 197 246
147 196 198 247
148 197 2919 199 248
149 198 200 249
150 199 250 2718
151 202 251
152 201 203 252
153 202 204 253
154 203 205 254
155 204 206 255
256 156 205 2526 207
208 257 157 206
209 258 158 207
208 210 259 159
160 209 211 260
161 210 212 261 2502
162 211 213 262
163 212 214 263
164 213 215 264 2862
165 214 216 265
166 215 217 266
167 216 218 267
168 217 219 268
169 218 220 269
170 219 221 270
171 220 222 271
272 172 221 223
224 273 173 222
3248 225 274 174 223
224 226 275 175
176 225 227 276
177 226 228 277
178 227 229 3173 278
179 228 230 279
180 229 231 280
3136 181 230 232 281
182 231 233 282
183 232 234 283 2651
184 233 235 284
185 234 236 285
186 235 237 286
187 236 238 287
288 188 237 239
240 289 2515 189 238
241 290 190 239
240 242 291 191
192 2896 241 243 292
193 242 244 293
194 243 245 294 2922
195 244 246 295
196 245 247 296
197 246 248 297
198 247 249 298
199 248 250 299
200 249 300
201 252 301
202 251 253 302
203 3003 252 254 303
304 3193 204 253 255
256 305 205 254
257 306 206 255
256 258 307 207
208 2673 257 259 308
209 258 260 309
210 259 261 310
211 260 262 311
212 261 263 312
213 262 264 313
214 263 265 314
215 264 266 315
216 265 267 316
217 266 268 317
218 267 269 318
219 268 270 319
320 220 269 271
272 321 221 270
273 322 2950 222 271
272 274 323 223
224 273 275 324
225 274 276 325
226 275 277 326
227 276 278 327
228 277 279 328
229 278 280 329
230 279 281 330
231 280 282 331
232 281 283 332
2934 233 282 284 333
234 283 285 334
2595 235 284 286 335
336 2984 236 285 287
288 337 237 286
289 338 238 287
288 290 339 239
240 289 291 340 2877
241 290 292 341
242 291 293 342 3102
243 292 294 343
244 293 295 344
245 294 296 345
246 295 297 346
247 296 298 347
248 297 299 348
249 298 300 349
250 299 350
251 302 351
352 2884 252 301 303
304 353 253 302
305 2625 354 3158 254 303
304 306 355 255
256 305 307 356
257 306 308 357
258 307 309 358
259 308 310 359
260 309 311 360
261 310 312 361
262 311 313 362
263 2791 312 314 363
264 313 315 364
265 314 316 365
266 315 317 366
2517 267 316 318 367
368 268 317 319
320 369 3116 269 318
321 370 270 319
320 322 371 3110 271
272 321 323 372 2664
273 322 324 373 2668
274 323 325 374
275 324 326 375
276 325 327 376
277 326 328 377
278 327 329 378
279 328 330 379 3117
280 329 331 380
281 2617 330 332 381
282 331 333 382
2581 283 332 334 383
384 284 333 335
336 385 285 334
337 386 286 335
336 338 387 2629 287
288 337 339 388
289 338 340 389
290 339 341 390
291 340 342 391
292 341 343 392
293 342 344 3000 393
294 343 345 394
295 344 346 395 3055
296 345 2570 347 396
297 346 348 397
2531 298 347 349 398
2584 299 348 350 399
400 300 349
352 401 301
353 402 302 351
352 354 403 303
304 353 355 404
2784 305 354 356 405
306 355 357 406
307 356 358 407
308 357 359 408
309 358 360 409
310 359 361 410
311 360 362 411
312 361 363 412
313 362 3019 364 413
314 363 365 414
2801 315 364 366 415
416 2769 316 365 367
368 417 317 366
369 418 318 367
368 370 419 319
320 369 371 420
321 370 372 421 3230
322 371 373 422 3183
323 372 374 423
324 2901 373 375 424
325 2774 374 376 425
326 375 377 426
327 376 378 427
328 377 379 428 2669
329 378 380 429 3150
330 379 381 430
331 380 382 431
432 3218 332 381 383
384 433 333 382
385 434 2748 334 383
384 2865 386 435 335
336 385 387 436
337 386 388 437
338 387 389 438
339 388 390 439
340 389 391 440
341 390 392 441
342 391 393 442
343 392 394 443
344 393 395 444
345 394 396 445
346 395 397 446
347 396 398 3119 447
448 3026 348 397 399
400 449 349 398
450 350 399
402 451 351
352 401 403 452
353 402 404 453 2778
354 403 405 454 2780
355 404 406 455 3070
356 405 407 456
2594 357 406 408 457
358 407 409 458
359 408 410 459
360 409 411 460
361 410 412 461
362 411 413 462
2544 363 412 414 463
464 364 413 415
416 465 365 414
417 466 366 415
416 418 467 367
368 2960 417 419 468
369 418 420 469
370 419 421 470
371 420 422 471 2859
372 421 423 472
373 422 424 473 2863
374 423 425 2586 474
375 424 426 475
376 425 427 476
377 426 428 477
2935 378 427 429 478
379 428 430 479
480 380 429 431
432 481 381 430
433 482 382 431
432 434 483 3188 383
384 433 435 484 3240
385 434 436 485
386 435 437 486
387 436 438 487 3209
388 437 439 488 2606
389 438 440 489
390 439 441 490 2574
391 440 442 491 2879
392 441 443 2556 492
2904 393 442 444 493
394 443 445 494
395 444 446 495
496 396 445 447
448 497 2538 397 446
449 498 398 2639 447
448 450 499 399
400 449 500
401 452 501
402 451 453 502
403 452 454 503
404 453 455 504
405 454 456 505 3147
2912 406 455 457 506
407 456 458 507
408 457 459 508 3039
409 458 460 509
410 459 461 510
411 460 462 511
512 2596 412 461 463
464 513 413 462
465 514 3171 414 463
464 466 515 415
416 465 467 516
417 466 468 517 2600
418 467 469 518
419 468 470 519
420 469 471 520
421 470 472 521 2719
422 471 473 522
423 472 474 523
424 473 475 524
425 474 2924 476 525
3224 426 475 477 526
427 476 478 527
528 2582 428 477 479
480 529 429 478
481 530 430 479
2944 480 482 531 431
432 481 483 532
433 482 484 533
434 483 485 534
435 484 486 535
436 485 487 536
3140 437 486 488 537
438 487 489 538
439 488 490 539
440 489 491 540
441 490 492 541
442 491 493 542
2825 443 492 494 543
544 444 493 495
496 545 445 494
497 546 446 495
496 498 547 447
448 497 499 548
449 498 500 549
450 499 550
3040 451 502 551
452 501 503 552
453 502 504 553
454 503 505 554
455 504 506 555
456 505 507 556
457 2602 506 508 557
458 507 509 558
459 508 510 559
560 3050 460 509 511
512 561 461 510
513 562 462 511
512 514 563 463
464 513 515 564 2813
465 514 2979 516 565
466 515 517 566
467 516 518 567
468 517 519 568
469 518 520 3176 569
470 519 521 570
471 520 522 571
472 521 523 572
473 522 524 573
474 2618 523 525 574
2999 475 524 526 575
576 476 525 527
528 577 477 2702 526
529 578 478 3247 527
528 530 579 3027 479
480 529 531 580 3127
481 530 532 581
482 531 533 582
483 532 534 583
484 533 535 584
485 534 536 585
486 535 537 586
487 536 538 587
2803 488 537 539 588
489 538 540 589
490 539 2956 541 590
491 540 3149 542 591
592 492 541 543
544 593 3241 493 542
545 594 494 543
544 546 595 495
496 545 547 596
497 546 548 597
498 2883 547 549 598
499 548 550 599
500 549 600
501 552 601 2508
502 551 553 602
2564 503 552 554 603
504 553 555 604 2509
505 554 556 605
506 555 557 606
507 556 558 607
608 508 557 559
560 609 2715 509 558
561 610 510 559
560 562 611 511
512 561 563 612
513 562 564 613 3087
514 563 565 614 3020
515 564 566 615
516 565 567 616 2750
517 2533 566 568 617
518 567 569 618
519 568 570 619
520 569 571 620
521 570 572 621
522 571 573 622
523 572 574 623
624 524 573 575
576 625 2743 525 574
577 626 526 575
576 578 627 2836 527
528 577 579 628
529 578 580 629 2588
530 579 581 630
531 580 582 631
532 581 583 632
533 582 584 633 2558
3138 534 583 585 634
535 584 586 635
536 585 587 636
537 586 588 637
538 2746 587 589 638
539 588 590 639
640 540 2540 589 591
592 641 541 590
593 642 542 591
592 594 643 543
544 593 595 644
545 2929 594 596 645
546 595 597 646
547 596 598 647
548 597 599 648
549 598 600 649
550 599 650 2907
551 602 651
552 601 603 652
553 602 604 653
554 603 605 654
555 604 606 2638 655
656 556 605 607
608 657 557 606
609 658 558 607
608 610 659 559
560 609 611 660
561 610 612 661
562 611 613 662
563 612 614 663
564 613 615 664
565 614 616 665
2964 566 615 617 666
567 616 618 667
568 617 619 668
569 3114 618 620 669
570 619 621 670
571 620 622 671
672 572 621 623
624 673 573 622
625 674 574 623
624 626 675 3142 575
576 625 627 676
577 626 628 677
578 627 629 678 3175
579 628 630 679
580 629 631 680
581 630 632 681
582 631 633 682
583 632 634 683
584 633 635 684
585 634 636 685
586 635 637 686
587 636 638 687
688 588 637 639
640 689 2875 589 638
641 690 590 639
640 642 691 2621 591
592 641 643 692
593 642 644 693
594 643 645 694
595 644 646 695
596 645 647 696
597 646 648 697
598 647 649 698
2949 599 648 650 699
600 649 700
2520 601 652 701
602 651 653 702
603 652 654 703
704 604 3228 653 655
656 705 605 654
657 706 606 655
656 658 707 607
608 657 659 708 3115
609 658 660 709
610 659 661 710
611 660 662 711
612 661 663 712
613 662 664 713
614 663 665 714
615 664 666 715
616 665 667 716
617 666 668 717
618 667 669 718
619 668 670 719
720 620 669 671
672 721 621 670
673 722 622 671
672 674 723 623
624 673 675 724
625 674 676 725
626 675 677 726
627 676 678 727
628 677 679 728
629 678 680 729
630 679 681 730 2940
631 680 682 731
632 681 683 3084 732
633 682 684 733 2878
634 683 685 734
635 684 686 735
736 636 685 687
688 737 637 686
689 738 2708 638 687
688 690 739 639
640 689 691 740 3199
641 690 692 741
642 691 693 742
643 692 694 743
644 693 695 744
645 694 696 745
646 695 697 746
647 696 698 747
648 697 699 748
649 698 700 749
650 699 750
2742 651 702 751
752 652 701 703
704 753 653 702
705 754 654 703
704 706 755 655
656 705 707 756
657 706 708 757
658 707 709 758 3128
659 3187 708 710 759
660 709 711 760
661 710 712 761
662 711 713 762
663 712 714 763
664 713 715 764
665 714 716 765
666 715 717 766
3125 3207 667 716 718 767
768 668 717 719
720 769 669 718
721 770 670 719
720 722 771 671
672 721 723 772
673 722 2932 724 773
674 723 725 774
675 724 726 775
676 725 727 776 2653
677 726 728 777
678 727 729 778
679 728 730 779 2524
680 729 731 780
2624 681 730 732 781
682 731 733 782
683 732 734 783
784 684 733 735
736 785 685 734
737 786 2684 686 735
736 738 787 687
688 737 739 788 2751
689 738 740 2916 789
690 739 741 790 2510
691 740 742 791
692 741 743 792
693 742 744 793
694 743 745 794
695 744 746 795
696 745 747 796
2768 697 746 748 797
698 747 749 798
699 748 750 799
800 700 749
752 801 701
753 802 702 751
752 754 803 703
704 753 755 804 3244
705 754 756 805
706 755 757 806
707 756 758 807
708 757 759 808
2948 709 758 760 809
710 759 761 810
2816 711 760 762 811
3141 712 761 763 812
713 762 764 813
714 763 765 814
715 764 766 815
816 716 765 767
768 817 717 766
769 818 718 767
768 770 819 3236 719
720 769 771 820
721 770 772 821
722 771 773 822
723 772 774 823
724 773 775 824 2633
725 774 776 825
726 775 777 826
727 776 778 827
728 777 779 828
729 778 780 829
730 3243 779 781 830
731 2939 780 782 831
832 732 781 783
784 833 733 782
785 834 734 783
784 786 835 3126 735
736 785 787 836
737 2610 786 788 837
738 787 789 838
739 788 790 839
740 789 791 840
741 790 792 841
742 791 793 842
743 792 794 843
2547 744 793 795 844
745 794 796 845
746 795 797 846
747 796 798 847
848 748 797 799
800 849 749 798
850 2870 750 799
802 851 751
752 801 803 852
753 802 804 853
754 803 805 854
755 804 806 855
756 805 807 856
757 3062 806 808 857
758 807 809 858
2675 759 808 810 859
760 809 811 860
761 810 812 861
762 811 813 862
763 812 814 863
864 764 813 815
816 865 765 814
817 866 3090 766 815
816 818 867 2837 767
768 817 819 2739 868
769 818 820 869
770 819 821 870
771 820 3013 822 871
772 2597 821 823 872
773 822 824 873
774 823 825 874 2874
775 824 826 875
776 825 827 876
3192 777 826 828 877
778 827 829 878
779 828 830 879
880 780 829 831
832 881 781 830
833 882 782 831
832 834 883 783
784 833 835 884
785 834 836 885
786 835 837 886 2616
787 836 838 887
788 837 839 888
789 838 840 889
790 3015 839 841 890
791 840 842 891 3023
792 841 843 892
793 842 844 893 3151
794 843 845 894
795 844 846 895
896 796 845 847
848 897 3238 797 846
849 898 798 847
848 850 899 799
800 3216 849 900
801 852 901
802 851 853 902
803 852 854 2758 903
804 853 855 904
805 854 856 905
806 855 857 906
807 856 858 907
808 857 859 908
2835 3190 809 858 860 909
810 859 861 910
811 860 862 911
912 812 861 863
864 913 813 862
865 914 814 863
864 866 915 815
816 865 867 916
817 866 868 917
818 867 869 918
819 868 870 919 2542
820 869 871 920
821 870 872 921
822 871 873 922
823 872 874 923
824 873 875 924
3105 825 874 876 925
826 875 877 926
827 876 878 927
928 828 877 879
880 929 829 878
881 930 2937 830 879
880 882 931 831
832 881 2546 883 932
833 882 884 933
834 883 885 934
835 884 886 935
2915 836 885 887 936
2930 837 886 888 937
838 887 889 938 3068
839 888 890 939
2850 840 889 891 940
841 890 892 941
842 891 2908 893 942
2857 843 892 894 943
944 844 893 895
896 945 845 894
897 946 2692 846 895
896 898 947 847
848 897 899 948 3100
849 898 900 949 3134
850 899 950
851 902 951
852 901 2566 903 952
853 902 904 953
854 903 905 954
855 904 906 955
2994 856 905 907 956
2903 857 906 908 957
858 907 909 958
2985 859 908 910 959
960 860 909 911
912 961 2897 861 910
913 962 862 911
912 914 963 863
864 913 915 964 3012
865 914 916 965 2853
866 915 917 966
867 916 918 967
868 917 919 2711 968
869 918 920 969
870 919 921 970
2754 871 920 922 971
872 921 923 972
873 922 924 973
874 923 925 974
875 924 926 975
976 876 925 927
928 977 877 926
929 978 878 927
928 930 979 879
880 929 931 980
881 930 932 981 2696
882 931 933 982 2630
883 932 934 983
884 933 935 984
885 934 936 985
886 935 937 986
887 936 938 987
888 937 939 988
889 938 940 989
2961 890 939 941 990
3122 891 940 942 991
992 892 2957 941 943
944 993 893 942
945 994 894 943
944 946 995 2805 895
896 945 947 996
897 946 948 997
898 2723 947 949 998
899 948 950 999 2968
900 949 1000
901 952 1001 2860
902 951 953 1002
903 952 954 1003
904 953 955 1004
905 954 956 1005
906 955 957 3086 1006
907 3052 956 958 1007
1008 908 957 959
960 1009 2643 909 958
961 1010 910 959
960 962 1011 911
912 961 963 1012 3214
913 962 964 1013
914 963 965 1014
915 964 966 1015
916 965 967 1016 2543
917 966 968 1017
918 967 2680 969 1018
919 968 970 1019
920 969 971 1020
921 970 972 1021
922 971 973 1022
923 972 974 1023
1024 2788 924 973 975
976 1025 925 974
977 1026 926 975
976 978 1027 927
928 977 979 1028
929 978 3075 980 1029
930 979 981 1030
931 980 982 1031
932 981 983 1032 2845
933 982 984 1033
934 983 985 1034
935 984 986 1035
936 985 987 1036
937 986 988 1037
2905 938 987 989 1038
2694 939 988 990 1039
1040 3203 3113 940 989 991
992 1041 941 990
993 1042 2902 942 991
992 994 1043 943
944 993 995 1044 2795
945 994 996 1045 2969
946 3059 995 997 1046
947 996 998 1047
948 997 999 1048 2745
949 998 1000 1049
950 999 1050
951 1002 1051
3091 952 1001 1003 1052
953 1002 1004 1053
3056 3219 954 1003 1005 1054
3106 955 1004 1006 1055
1056 3201 956 1005 1007
1008 1057 957 1006
1009 1058 2572 958 1007
1008 1010 1059 959
960 1009 1011 1060
961 1010 1012 1061 2965
962 1011 1013 1062
3249 963 1012 1014 1063 2830
964 1013 1015 1064
2642 965 1014 1016 1065
2755 966 1015 1017 1066
967 1016 1018 1067
968 1017 1019 1068
969 1018 1020 1069
970 1019 1021 1070
971 1020 1022 1071
1072 972 1021 1023
1024 1073 3011 973 1022
1025 1074 974 1023
1024 1026 1075 975
976 1025 1027 1076
977 1026 1028 1077 2821
978 1027 1029 1078
979 1028 1030 1079
980 1029 1031 1080
981 1030 1032 1081
982 1031 1033 1082 3181
983 1032 1034 1083
984 1033 3146 1035 1084
2504 985 1034 1036 1085
2889 986 1035 1037 1086
987 1036 1038 1087 2943
1088 2507 988 1037 1039
1040 1089 989 1038
1041 1090 2605 990 1039
1040 2529 1042 1091 991
992 1041 1043 1092
993 1042 1044 1093
994 1043 1045 1094 3036
995 1044 1046 1095
996 1045 1047 1096
997 1046 1048 1097
998 1047 1049 1098
999 1048 1050 1099 2749
1000 1049 1100 3133
1001 1052 1101
2790 1002 1051 1053 1102
1003 1052 1054 1103
1104 1004 1053 1055
1056 1105 1005 1054
1057 1106 1006 3054 1055
1056 1058 1107 1007
1008 1057 1059 1108
1009 1058 1060 1109
1010 3234 1059 1061 1110
1011 1060 1062 1111
2738 1012 1061 1063 1112
1013 1062 1064 1113
1014 1063 1065 1114
1015 1064 1066 1115 2973
1016 1065 1067 1116
3121 1017 1066 1068 1117
1018 1067 1069 1118
1019 1068 1070 1119
1120 3002 3178 1020 1069 1071
1072 1121 1021 1070
1073 1122 1022 1071
1072 1074 1123 2714 1023
1024 1073 1075 1124
1025 1074 1076 1125
1026 1075 1077 1126
1027 1076 1078 1127
1028 1077 1079 1128
1029 1078 1080 1129
1030 1079 1081 1130
3025 1031 1080 1082 1131
1032 1081 1083 1132
1033 1082 1084 1133
1034 1083 1085 1134
3200 1035 1084 2781 1086 1135
1136 2656 1036 1085 1087
1088 1137 1037 1086
1089 1138 1038 2575 1087
1088 1090 1139 2518 1039
1040 2848 1089 1091 1140
1041 1090 1092 1141
1042 1091 1093 1142
1043 1092 1094 1143
1044 1093 1095 1144
1045 1094 1096 1145
1046 1095 1097 1146
2710 1047 1096 1098 1147
2631 1048 1097 1099 1148
1049 1098 1100 1149
1050 1099 1150
1051 1102 1151
1152 1052 1101 1103
1104 1153 1053 1102
1105 1154 1054 1103
1104 1106 1155 1055
1056 1105 1107 1156 2970
1057 1106 1108 1157
1058 1107 1109 2773 1158
1059 1108 1110 1159
1060 1109 1111 1160
1061 2565 1110 1112 1161
1062 1111 1113 1162
1063 1112 1114 1163
1064 1113 1115 1164 2876
2741 1065 1114 1116 1165
1066 1115 1117 1166
1067 1116 1118 2782 1167
1168 1068 2941 1117 1119
1120 1169 2505 1069 1118
1121 1170 1070 1119
1120 1122 1171 1071
1072 1121 1123 1172 2792
1073 1122 1124 1173
1074 1123 1125 1174
1075 1124 1126 1175
2658 1076 1125 1127 1176
1077 1126 1128 1177
1078 1127 1129 1178
1079 1128 1130 1179
2851 1080 1129 1131 1180
1081 1130 1132 1181
1082 1131 1133 1182
1083 1132 1134 1183
1184 2981 1084 1133 1135
1136 1185 1085 1134
1137 1186 3079 1086 1135
1136 1138 1187 1087
1088 1137 1139 1188
1089 1138 1140 1189
1090 1139 3204 1141 1190
1091 1140 1142 1191
1092 1141 1143 1192
1093 1142 2647 1144 1193
1094 1143 1145 1194
3189 1095 1144 1146 1195
2645 1096 1145 1147 1196
2724 1097 1146 1148 1197
1098 1147 1149 1198
1099 1148 1150 1199
1200 1100 1149
1152 1201 1101
1153 1202 1102 1151
1152 1154 1203 1103
1104 1153 1155 1204 2871
1105 1154 1156 1205
1106 1155 1157 1206
3074 1107 1156 1158 1207
1108 1157 1159 1208
1109 1158 1160 1209
1110 1159 1161 1210
1111 1160 1162 1211
1112 1161 1163 1212
1113 1162 1164 2652 1213
1114 1163 1165 1214
1115 1164 1166 1215
1216 1116 1165 1167
1168 1217 1117 1166
1169 1218 2674 1118 1167
1168 1170 1219 3030 1119
1120 1169 1171 1220 2536
1121 1170 1172 1221 3239 2909
1122 1171 1173 1222
1123 1172 1174 1223
1124 1173 1175 1224
1125 1174 1176 1225
1126 1175 1177 1226
1127 1176 1178 1227
1128 1177 1179 1228 2655
1129 1178 1180 1229
1130 1179 1181 1230
1131 1180 1182 1231
1232 1132 1181 1183
1184 1233 1133 1182
1185 1234 1134 1183
1184 1186 1235 3093 1135
1136 1185 1187 1236 3177 2698
1137 1186 1188 1237
1138 1187 1189 1238 2894
1139 1188 1190 1239
1140 1189 1191 1240
1141 1190 1192 1241 2793
2819 1142 1191 1193 1242
3044 1143 1192 1194 1243
1144 1193 1195 1244
1145 1194 1196 1245
1146 1195 1197 1246
1147 1196 1198 1247
1248 1148 1197 1199
1200 1249 2667 1149 1198
1250 1150 1199
1202 1251 1151
1152 1201 1203 1252 2954
1153 1202 1204 1253 2589
1154 1203 1205 1254
1155 1204 1206 1255
1156 1205 1207 1256
1157 1206 1208 1257
2593 1158 1207 1209 1258
1159 1208 1210 1259
1160 1209 1211 1260
1161 1210 1212 1261
1162 1211 1213 1262
2598 1163 1212 1214 1263
1264 1164 1213 1215
1216 1265 1165 1214
1217 1266 1166 1215
1216 1218 1267 1167
1168 1217 1219 1268
1169 1218 1220 1269 3099
1170 1219 1221 1270
1171 1220 1222 1271
1172 1221 1223 1272
1173 1222 1224 1273
1174 1223 1225 1274
2996 1175 1224 1226 1275
1176 1225 1227 1276
1177 1226 1228 1277
2553 1178 1227 1229 1278
1179 1228 1230 1279
1280 2839 1180 1229 1231
1232 1281 1181 1230
1233 1282 1182 1231
1232 1234 1283 1183
1184 1233 1235 1284
1185 1234 1236 1285 2764
1186 1235 1237 1286
1187 1236 1238 1287
1188 1237 1239 1288
2736 1189 1238 1240 1289
1190 1239 1241 1290
1191 1240 1242 1291
1192 1241 3226 1243 1292
2551 1193 1242 1244 1293
1194 1243 1245 1294
1195 1244 1246 1295
1296 1196 1245 1247
1248 1297 1197 3246 1246
1249 1298 2963 1198 1247
1248 1250 1299 1199
1200 1249 1300
1201 1252 1301
2993 1202 1251 1253 1302
1203 1252 1254 1303
1204 1253 1255 1304 2649
1205 1254 1256 1305
2560 1206 1255 1257 1306
1207 1256 1258 1307
1208 1257 1259 1308
1209 1258 1260 1309
1210 1259 1261 1310
1211 1260 1262 1311
1312 1212 1261 1263
1264 1313 1213 1262
1265 1314 3048 1214 1263
1264 1266 1315 1215
1216 1265 1267 1316
1217 1266 1268 1317
1218 1267 1269 1318
1219 1268 1270 1319
1220 1269 1271 1320
1221 1270 1272 1321
1222 1271 1273 1322
2707 1223 1272 1274 1323
1224 1273 1275 1324
1225 1274 1276 1325
1226 1275 1277 1326
1227 1276 1278 1327
1328 1228 1277 1279
1280 1329 1229 1278
1281 1330 1230 1279
1280 1282 3186 1331 1231
1232 1281 1283 1332 3229
1233 1282 1284 1333
1234 1283 2580 1285 1334
1235 1284 1286 1335 2665
1236 1285 1287 1336
1237 1286 1288 1337
1238 1287 3112 1289 1338
1239 2615 1288 1290 1339
1240 1289 1291 2619 1340
1241 1290 1292 1341
1242 1291 1293 1342
1243 1292 1294 1343
1344 1244 1293 1295
1296 1345 1245 1294
1297 1346 2514 1246 1295
1296 1298 1347 2798 1247
1248 1297 1299 1348
1249 1298 1300 1349
1250 1299 1350
1251 1302 1351
1252 1301 1303 1352
1253 1302 1304 1353
1254 1303 1305 1354
1255 1304 1306 1355
1256 1305 1307 1356
2982 1257 1306 1308 1357
1258 1307 1309 1358
1259 2763 1308 1310 1359
1360 1260 1309 1311
1312 1361 1261 1310
1313 1362 3045 1262 1311
1312 1314 1363 1263
1264 1313 1315 1364 2972
1265 1314 1316 1365 2891
1266 1315 1317 1366
1267 1316 1318 1367
1268 1317 1319 1368
1269 1318 1320 1369
1270 1319 1321 1370
3042 1271 1320 1322 1371
1272 1321 1323 1372
1273 1322 1324 1373
1274 1323 1325 1374
1275 1324 1326 1375
1376 2503 1276 1325 1327
1328 1377 1277 1326
1329 1378 2834 1278 1327
1328 1330 1379 1279
1280 1329 1331 1380
1281 1330 1332 3124 1381
1282 1331 1333 1382
1283 1332 1334 1383
1284 1333 1335 1384
1285 1334 1336 1385 2873
2659 1286 1335 1337 1386
1287 1336 1338 1387
1288 1337 1339 1388
1289 1338 1340 1389
1290 1339 1341 1390
1291 3164 1340 1342 1391
1392 1292 1341 1343
1344 1393 1293 1342
1345 1394 1294 1343
1344 1346 1395 3077 1295
1296 1345 1347 1396
1297 1346 1348 1397 2685
1298 1347 1349 1398
1299 1348 1350 1399
1300 1349 1400
1301 1352 1401
1302 1351 1353 1402
1303 1352 1354 1403
1304 1353 1355 1404
1305 1354 1356 1405
1306 1355 1357 1406
1307 1356 1358 1407
1408 1308 1357 1359
1360 1409 1309 1358
1361 1410 3196 1310 1359
1360 1362 1411 1311
1312 1361 1363 1412
1313 1362 1364 1413
1314 1363 1365 1414 2777
1315 1364 1366 1415 2927
1316 1365 1367 1416 3161
1317 1366 1368 1417
1318 1367 1369 1418
1319 1368 1370 1419
1320 1369 1371 1420
1321 1370 1372 1421
1322 1371 1373 1422
1323 1372 1374 2910 1423
1424 1324 1373 1375
1376 1425 1325 1374
1377 1426 2516 1326 1375
1376 1378 1427 1327
1328 1377 1379 1428 2661
1329 1378 1380 1429
1330 1379 1381 1430
1331 1380 1382 1431
1332 1381 1383 1432
1333 1382 2887 1384 1433
1334 1383 1385 1434
2867 1335 1384 1386 1435
1336 2920 1385 1387 1436
2576 1337 1386 1388 1437
1338 1387 1389 1438
1339 1388 1390 1439
1440 1340 1389 1391
1392 1441 1341 1390
1393 1442 1342 1391
1392 1394 2690 1443 1343
1344 1393 1395 1444
1345 1394 1396 1445 3182
1346 1395 1397 1446
2704 1347 1396 1398 1447
1348 1397 1399 1448 3144
1349 1398 1400 1449
1350 1399 1450
1351 1402 1451
1352 1401 1403 1452
2549 1353 1402 1404 1453
1354 1403 2988 1405 1454
1355 1404 1406 1455
1456 1356 1405 1407
1408 1457 2681 1357 1406
1409 1458 1358 1407
1408 1410 1459 1359
1360 1409 1411 2691 1460
1361 1410 1412 1461
1362 1411 1413 1462
1363 1412 1414 1463
1364 1413 1415 1464
2628 1365 1414 1416 1465
1366 1415 1417 1466
1367 1416 1418 1467
1368 1417 1419 1468
1369 1418 1420 1469
1370 1419 1421 1470
1371 1420 1422 1471
1472 1372 1421 1423
1424 1473 1373 1422
1425 1474 1374 1423
1424 1426 1475 2854 1375
1376 1425 1427 1476 2728
1377 1426 1428 1477
1378 1427 1429 1478
1379 1428 1430 1479
1380 1429 1431 1480 2511
1381 3094 1430 1432 1481
3009 1382 1431 1433 1482
1383 1432 3081 1434 1483
1384 1433 3066 1435 1484
2725 1385 1434 1436 1485
2998 1386 1435 1437 1486
1387 1436 1438 1487
1488 1388 1437 1439
1440 1489 1389 1438
1441 1490 1390 1439
1440 2689 1442 1491 1391
1392 1441 1443 1492
1393 1442 1444 1493
1394 1443 1445 1494
1395 1444 1446 1495
1396 1445 1447 1496
1397 1446 1448 1497
1398 1447 1449 1498
1399 1448 1450 1499
1400 1449 1500
2946 1401 1452 1501
1402 1451 1453 1502
1403 1452 1454 1503
1504 1404 1453 1455
1456 1505 3098 1405 1454
1457 1506 3165 1406 1455
2832 1456 1458 1507 1407
1408 1457 1459 1508
1409 1458 1460 1509
1410 1459 1461 1510
1411 1460 1462 1511
3088 1412 1461 1463 1512
1413 1462 1464 1513
1414 1463 1465 1514
1415 1464 1466 1515 3198
1416 1465 1467 1516
1417 1466 1468 3021 1517
1418 1467 1469 1518
1419 1468 1470 1519
1520 3172 1420 1469 2911 1471
1472 1521 1421 1470
1473 1522 1422 1471
1472 1474 1523 1423
1424 1473 1475 1524 2776
1425 1474 1476 1525
1426 1475 1477 1526
1427 1476 1478 1527
1428 1477 1479 1528
1429 1478 1480 1529
1430 1479 1481 1530
1431 1480 1482 1531
1432 1481 1483 1532
1433 1482 1484 1533
1434 1483 1485 1534
2563 1435 1484 1486 1535
1536 1436 1485 1487
1488 1537 1437 1486
1489 1538 1438 1487
1488 1490 1539 1439
1440 1489 1491 1540
1441 1490 1492 1541
1442 1491 1493 1542 3033
1443 1492 1494 1543
3217 1444 1493 1495 1544
1445 1494 1496 1545 2671
1446 1495 1497 1546
1447 1496 1498 1547
1448 1497 1499 1548
1449 1498 1500 1549
1450 1499 1550
1451 2587 1502 1551
1552 3041 1452 1501 1503
1504 1553 1453 1502
1505 1554 1454 1503
1504 1506 1555 1455
1456 1505 1507 1556
1457 1506 1508 1557
1458 1507 1509 1558
1459 1508 1510 1559
1460 1509 1511 1560
1461 1510 1512 1561 2604
1462 1511 1513 1562
1463 1512 1514 1563 2991
1464 1513 1515 1564
1465 1514 1516 1565
1466 1515 1517 1566
1467 1516 1518 1567
1568 1468 1517 1519
1520 1569 2567 1469 1518
1521 1570 1470 1519
1520 1522 1571 1471
1472 1521 1523 1572
1473 1522 1524 1573 2761
1474 3154 1523 1525 1574
1475 1524 1526 1575 2670
1476 1525 1527 2775 1576
1477 1526 1528 1577
1478 1527 1529 1578 3194
1479 1528 1530 1579
1480 1529 1531 1580
1481 1530 1532 1581
1482 1531 1533 1582
1483 1532 1534 1583
1584 1484 1533 1535
1536 1585 1485 1534
1537 1586 1486 1535
1536 1538 1587 1487
1488 1537 1539 1588
1489 1538 1540 1589
1490 1539 1541 1590
1491 1540 1542 1591
2995 1492 1541 1543 1592
1493 1542 1544 1593
1494 1543 1545 1594
1495 1544 1546 1595
1496 1545 1547 1596 3213
1497 1546 1548 1597
1498 1547 1549 1598 2815
1499 1548 1550 1599
1600 1500 1549
1552 1601 1501
1553 1602 2525 1502 1551
1552 1554 1603 2974 1503
1504 1553 1555 2931 1604
1505 1554 1556 1605
1506 1555 1557 1606
1507 1556 1558 1607
1508 1557 1559 1608
1509 1558 1560 1609
3008 1510 1559 1561 1610
1511 1560 1562 1611
1512 1561 1563 1612
1513 1562 1564 1613
1514 1563 1565 1614
1515 1564 1566 1615
1616 1516 1565 1567
1568 1617 2890 1517 1566
1569 1618 2701 1518 1567
1568 1570 1619 1519
1520 1569 1571 1620 2906
1521 1570 1572 1621
1522 1571 1573 1622
1523 1572 1574 1623 3197
1524 1573 1575 1624
1525 1574 1576 1625
1526 1575 1577 1626
1527 1576 1578 1627 3166
1528 1577 1579 1628
1529 1578 1580 1629
2976 1530 1579 1581 1630
1531 1580 1582 1631
1632 1532 1581 1583
1584 1633 1533 1582
1585 1634 1534 1583
1584 1586 1635 1535
1536 1585 1587 1636 2729
1537 1586 1588 1637
1538 1587 1589 1638
1539 1588 1590 1639
1540 1589 1591 1640
2740 1541 1590 1592 1641
1542 1591 1593 1642
2864 1543 1592 1594 1643
1544 1593 1595 1644
1545 1594 1596 1645
1546 1595 1597 1646
1547 1596 2717 1598 1647
1648 1548 1597 1599
1600 1649 1549 1598
1650 1550 1599
1602 1651 1551
1552 1601 1603 1652 2716
1553 1602 1604 1653 2727
1554 1603 1605 1654 3065
1555 1604 1606 1655
1556 1605 1607 1656
1557 1606 1608 1657
2880 1558 1607 1609 1658
1559 1608 1610 1659
1560 1609 1611 1660 3007
1561 1610 1612 1661
1562 1611 1613 1662
1563 1612 1614 1663 2975
1664 1564 1613 1615
1616 1665 1565 1614
1617 1666 1566 1615
1616 1618 1667 1567
1568 1617 1619 1668
1569 1618 1620 1669
1570 1619 1621 1670
1571 1620 1622 1671
1572 1621 1623 1672
1573 1622 1624 1673
1574 1623 1625 1674
1575 1624 1626 1675
1576 1625 1627 3195 1676
1577 1626 1628 1677
1578 1627 1629 1678
1579 1628 1630 1679
1680 1580 1629 1631
1632 1681 1581 1630
1633 1682 1582 1631
1632 1634 1683 1583
1584 1633 1635 1684
1585 1634 1636 1685 3206
1586 1635 1637 1686
1587 1636 1638 1687
1588 1637 1639 1688
1589 1638 1640 1689
1590 1639 1641 2601 1690
1591 1640 1642 1691
1592 1641 1643 1692
1593 1642 1644 1693
1594 1643 1645 1694
1595 1644 1646 1695
1696 1596 1645 1647
1648 1697 1597 1646
1649 1698 1598 1647
1648 1650 1699 1599
1600 1649 1700 3222
1601 1652 1701
1602 1651 1653 1702 2840
1603 1652 1654 1703
1604 1653 1655 1704 2861
1605 1654 1656 1705
1606 1655 1657 1706
1607 1656 1658 1707
1608 1657 1659 1708
1609 1658 1660 1709
1610 1659 1661 1710
1611 1660 1662 1711
1712 1612 1661 1663
1664 1713 1613 1662
1665 1714 1614 3135 1663
1664 1666 1715 1615
1616 1665 1667 1716
1617 1666 1668 1717 2636
1618 1667 1669 1718
1619 1668 1670 1719
1620 1669 1671 1720
1621 1670 1672 1721
1622 1671 1673 1722
2676 1623 1672 1674 1723
1624 1673 1675 1724
2662 1625 1674 1676 1725
1626 1675 1677 1726
1627 1676 1678 1727
1728 1628 1677 1679
1680 1729 1629 1678
1681 1730 1630 1679
1680 1682 1731 1631
1632 1681 1683 1732
1633 1682 1684 1733
1634 1683 1685 1734
1635 1684 1686 1735
1636 1685 1687 1736
1637 1686 1688 1737
1638 1687 1689 1738
1639 1688 1690 1739
1640 1689 1691 1740
1641 1690 1692 1741
1642 1691 1693 1742
1643 1692 1694 1743
1744 1644 1693 1695
1696 1745 3191 1645 1694
1697 1746 1646 1695
1696 2513 1698 1747 1647
1648 1697 1699 2771 1748
1649 1698 1700 1749
1650 1699 1750
1651 1702 1751
2611 1652 1701 1703 1752
1653 1702 1704 2632 1753
1654 1703 1705 1754
1655 1704 1706 1755
1656 1705 1707 1756
1657 1706 1708 1757
1658 1707 1709 1758
1659 1708 1710 1759
1760 3163 1660 1709 1711
1712 1761 1661 1710
1713 1762 2573 1662 1711
1712 1714 1763 1663
1664 1713 1715 1764
1665 1714 1716 1765
1666 1715 1717 1766
3010 1667 1716 1718 1767
1668 1717 1719 1768
1669 1718 1720 1769
1670 1719 1721 1770 2895
1671 1720 1722 1771
2535 1672 1721 1723 1772
1673 1722 1724 1773
1674 1723 1725 1774
1675 1724 1726 1775
1776 1676 1725 1727
1728 1777 2644 3131 1677 1726
1729 1778 1678 1727
1728 1730 1779 1679
1680 1729 1731 1780
1681 1730 1732 1781
1682 1731 1733 1782
1683 1732 1734 1783
1684 1733 1735 1784
1685 1734 1736 1785
1686 1735 1737 1786
1687 1736 1738 1787
1688 1737 1739 1788
1689 1738 1740 1789
1690 3162 1739 1741 1790
1691 1740 1742 1791
1792 1692 1741 1743
1744 1793 1693 1742
1745 1794 1694 1743
1744 1746 1795 1695
1696 1745 1747 1796
1697 1746 1748 1797
2977 1698 1747 1749 1798
1699 1748 1750 1799
1700 1749 1800
1701 1752 1801
2787 1702 1751 1753 1802
1703 1752 1754 1803
1704 1753 1755 1804
1705 1754 1756 1805
3063 1706 1755 1757 1806
1707 1756 1758 1807
1808 1708 1757 1759
1760 1809 1709 1758 2767
1761 1810 2552 1710 1759
1760 1762 1811 2590 1711
1712 1761 1763 1812
1713 1762 1764 1813
1714 1763 1765 1814
1715 1764 1766 1815
1716 1765 1767 1816 2893
1717 1766 1768 1817
1718 1767 1769 1818
2757 1719 1768 1770 1819
1720 1769 1771 1820
2872 1721 1770 1772 1821
1722 1771 1773 1822
3049 1723 1772 1774 1823
1824 2650 1724 1773 1775
1776 1825 1725 1774
1777 1826 1726 1775
1776 1778 1827 2501 1727
1728 1777 1779 1828
1729 1778 1780 1829
1730 1779 1781 1830
1731 1780 1782 1831
1732 1781 1783 1832
1733 1782 1784 1833
1734 1783 1785 1834
1735 1784 1786 1835
1736 1785 1787 1836
1737 1786 1788 1837
1738 2730 1787 1789 1838
1739 1788 1790 1839
1840 1740 1789 2734 1791
1792 1841 2568 1741 1790
1793 1842 1742 1791
1792 1794 1843 1743
1744 1793 1795 1844 2885
1745 1794 1796 1845
1746 1795 1797 1846
1747 1796 1798 1847
2609 1748 1797 1799 1848
1749 1798 1800 1849
2913 1750 1799 1850
1751 1802 1851 2829
2721 1752 1801 1803 1852
1753 1802 1804 1853 2926
1754 1803 1805 1854
1755 1804 1806 1855
1856 1756 1805 1807
1808 1857 2779 1757 1806
1809 1858 1758 1807
1808 1810 1859 1759
1760 1809 1811 3043 1860
1761 1810 1812 1861
1762 1811 1813 1862
1763 1812 1814 1863
1764 1813 1815 1864
1765 1814 1816 1865
1766 1815 1817 1866 2827
1767 1816 1818 1867 3004
1768 1817 1819 1868
1769 1818 1820 1869
1770 1819 1821 1870 2799
1771 1820 1822 1871
1872 1772 1821 1823
1824 1873 2648 1773 1822
1825 1874 2997 1774 1823
1824 1826 1875 2532 1775
1776 1825 1827 1876
1777 2706 1826 1828 1877
1778 1827 1829 1878
1779 1828 1830 1879 2923
1780 1829 1831 1880
1781 1830 1832 1881 2925
1782 1831 1833 1882
1783 1832 1834 1883
2534 1784 1833 1835 1884
1785 1834 1836 1885
2822 1786 1835 1837 1886
3047 1787 1836 1838 1887
1888 1788 1837 1839
1840 1889 1789 1838
1841 1890 1790 1839
3152 1840 1842 1891 2506 1791
1792 1841 1843 1892 2666 3212
1793 1842 1844 1893
1794 1843 1845 1894
1795 1844 1846 1895
1796 1845 1847 1896
1797 1846 1848 1897
1798 1847 1849 1898
1799 1848 1850 1899
1800 1849 1900 2623
2824 1801 1852 1901
1802 1851 1853 1902
1803 1852 1854 1903
1904 1804 1853 1855
1856 1905 1805 1854
1857 1906 1806 1855
1856 1858 1907 1807
1808 1857 1859 1908
1809 1858 1860 1909
1810 2898 1859 1861 1910
1811 1860 1862 1911
1812 1861 1863 2967 1912
1813 1862 1864 1913
1814 1863 1865 1914
1815 1864 1866 1915
1816 1865 1867 1916
1817 1866 1868 1917
3016 1818 1867 1869 1918
1819 1868 1870 1919
1920 1820 1869 1871
1872 1921 1821 1870
1873 1922 1822 1871
1872 1874 1923 2599 1823
1824 1873 1875 1924
1825 1874 1876 1925
1826 1875 1877 1926
1827 1876 1878 1927
1828 1877 1879 1928
1829 1878 1880 1929
1830 1879 1881 1930
1831 1880 1882 1931
1832 1881 1883 1932
1833 1882 1884 1933
1834 1883 1885 1934
3024 1835 1884 1886 1935
1936 1836 1885 1887 2847
1888 1937 1837 1886
1889 1938 1838 1887
1888 1890 1939 2807 1839
1840 1889 1891 1940 2527
1841 1890 1892 1941
1842 1891 1893 1942
1843 1892 1894 1943
1844 1893 1895 1944
1845 1894 1896 1945
1846 1895 1897 1946
1847 1896 1898 1947
1848 1897 1899 1948
1849 1898 1900 1949
1850 1899 1950
1851 1902 1951
1952 1852 1901 1903
1904 1953 1853 1902
1905 1954 1854 1903
1904 1906 1955 1855
1856 1905 1907 1956
1857 1906 1908 1957
1858 1907 1909 1958 2703
1859 1908 1910 1959
1860 1909 1911 1960
1861 1910 1912 1961
1862 1911 1913 1962
1863 1912 1914 1963
1864 1913 1915 1964
1865 1914 1916 1965
1866 1915 1917 1966
1867 1916 1918 1967
1968 1868 1917 1919
1920 1969 1869 1918
1921 1970 3179 1870 1919
1920 1922 1971 1871
1872 1921 1923 1972
1873 1922 1924 1973 3223
1874 1923 1925 1974 2603
1875 1924 2677 1926 1975
1876 1925 1927 1976
1877 1926 1928 1977
1878 1927 1929 1978
3169 1879 1928 1930 1979
2772 1880 1929 1931 1980
1881 1930 1932 1981
1882 1931 1933 1982
1883 1932 1934 1983
1984 2519 1884 1933 1935
1936 1985 3067 1885 1934
1937 1986 1886 1935
1936 1938 1987 1887
1888 1937 1939 1988 3097
1889 1938 3139 1940 1989 2855
1890 1939 1941 1990 2607
1891 1940 1942 1991
1892 1941 1943 1992
1893 1942 1944 1993 3211
1894 1943 1945 1994
1895 1944 1946 1995
1896 1945 1947 1996
1897 1946 1948 1997
1898 1947 1949 1998
1899 1948 1950 1999 3231
2000 1900 1949
1952 2001 1901
1953 2002 3155 1902 1951
1952 1954 2003 2554 1903
1904 1953 1955 2004
1905 1954 1956 2005 3037
1906 1955 1957 2006
1907 1956 1958 2007
1908 1957 1959 2008
1909 1958 1960 2009
1910 1959 1961 2010
1911 1960 1962 2011
1912 1961 1963 2012
2756 1913 1962 1964 2013
3001 1914 1963 1965 2014
1915 1964 1966 2015
2016 1916 1965 1967
1968 2017 1917 1966
1969 2018 1918 1967
1968 1970 2019 1919
1920 1969 1971 2020 3208
1921 1970 1972 2021
1922 1971 1973 2022
1923 1972 1974 2023
1924 1973 1975 2024
1925 1974 1976 2025
1926 1975 1977 2026
1927 1976 1978 2027
1928 2697 1977 1979 2028
2640 1929 1978 1980 2029
1930 1979 1981 2030
1931 1980 1982 2031
2032 2663 1932 1981 1983
1984 2033 1933 1982
1985 2034 1934 1983
1984 2561 1986 2035 1935
1936 1985 1987 2036
1937 1986 1988 2037
1938 1987 1989 2038
1939 1988 1990 2039
1940 1989 1991 2040 2744
1941 1990 1992 2041
1942 1991 1993 2042
1943 1992 1994 2043 2831
1944 1993 1995 2044
1945 1994 1996 2045
1946 1995 1997 2046
1947 1996 3101 1998 2047
2048 1948 1997 1999
2000 2049 1949 1998
2050 1950 1999
2002 2051 1951
1952 2001 2003 2052 3064
2752 1953 2002 2004 2053
1954 2003 2005 2054 2858
1955 2004 2006 2055
3104 1956 2005 2007 2056
1957 2006 2008 2057
1958 2007 2009 2058 2892
1959 2008 2010 2059
1960 2009 2011 2060
1961 2010 2012 2061
1962 2011 2013 2062
1963 2012 2014 2063
2064 3014 1964 2013 2015
2016 2065 1965 2014
2017 2066 1966 2015
2016 2018 2067 1967
1968 2017 2019 2068
1969 2018 2020 2069 2583
1970 2019 2021 2070
1971 2020 2022 2071
1972 2021 2023 2072
1973 2022 2024 2073
1974 2023 2025 2074
1975 2024 2921 2026 2075
1976 2025 2027 2076
1977 2026 2028 2077
1978 2027 2029 2078
1979 2028 2030 2079
2080 1980 2029 2031
2032 2081 1981 2030
2033 2082 1982 2031
2032 2034 2083 1983
1984 2033 2035 2084
1985 2785 2034 2036 2085
1986 2035 2037 2086
1987 2036 2038 2087
1988 2037 2039 2088
1989 2038 2040 2089
1990 2039 2041 2090
3233 2613 1991 2040 2042 2091
1992 3080 2041 2043 2092
1993 2042 2044 2093
1994 2043 2045 2094
1995 2044 2046 2095
2096 1996 2045 2047
2048 2097 1997 2046
2049 2098 1998 2047
2048 2050 2099 1999
2000 2049 2100
2001 2052 2101
2002 2051 2053 2102
3232 2003 2052 2054 2103
2004 2053 2055 2104
2753 2005 2054 2056 2105
2006 2055 2057 2953 2106
2007 2056 2058 2107
2008 2057 2059 2108
2009 2058 2060 2109
2010 2059 2061 2110
3058 2011 2060 2062 2111
2112 2012 2061 2063
2064 2113 2013 2062
2065 2114 2014 2063
2064 2066 2115 2015
2016 2065 2067 2116
2017 2066 2068 2117
2018 2067 2069 2933 2118
2019 2068 2070 2119 2814
2020 2693 2069 2071 2120
2021 2070 2072 2121 3129
2022 2071 2073 2122
2023 2072 2074 2123
2770 2024 2073 2075 2124
2025 2938 2074 2076 2125
2026 2075 2077 2126
2678 2027 2076 2078 2127
2128 2028 2077 2079
2080 2129 2917 2029 2078
2081 2130 2030 2079
2080 2082 2131 2031
2032 2081 2083 2132
2033 2082 2084 2660 2133
2034 2083 2085 2134
2035 2084 2086 2135
2036 2085 2087 2136
2037 2086 2088 2137
2038 2087 2089 2138
2039 2088 2090 2139
2040 2089 2091 2140
2041 2090 2092 2141
2042 2091 2093 2142
3221 2043 2092 3085 2094 2143
2144 3076 2044 2093 2095
2096 2145 2045 2094
2097 2146 2530 2046 2095
2096 2098 2147 2047
2048 2097 2099 2148 2955
2049 2098 2100 2149
2050 2099 2900 2150
2051 2102 2151
2052 2101 2103 2152
2945 2053 2102 2104 2153
2054 2103 2105 2154
2055 2104 2106 2155
2056 2105 2107 2156
2057 2106 2108 2157
2058 2107 2109 2158
2059 2108 2110 2159
2160 2060 2109 2111
2112 2161 2061 2110
2113 2162 2062 2111
2112 2114 2163 2063
2064 2113 2115 2164
2065 2114 2116 2165
2066 2115 2117 2166
2720 2067 2116 2118 2167
2068 2117 2119 2168 3160
2069 2118 2120 2169
2070 2119 2121 2170
2071 2120 2122 2171
2072 2121 2123 2172
2073 2122 2124 2173
2074 2123 2125 2174
2075 2124 2126 2175
2176 2076 2125 2127
2128 2177 2077 2126
2129 3185 2178 2078 2127
2128 2130 2179 2637 2079
2080 2129 2131 2180
2081 2657 2130 2132 2181
2082 2131 2133 2182 2733
2083 2132 2134 2183
2084 2133 2135 2184
2085 2134 2136 2185
2086 2135 2137 2186
2087 2136 2138 2187
2088 2137 2139 2188
2089 2138 2140 2189
2090 2139 2141 2190
2838 2091 2140 2142 2191
2192 2092 2141 2143
2144 2193 3205 2093 2142
2145 2194 2962 2094 2143
2144 2146 2195 2095
2096 2145 2147 2196
2097 2146 2148 2197
2098 2147 2149 2198 2654
2099 2148 2150 2199 2856
2100 2149 2200
2101 2152 2201
2102 2151 2153 2202
3061 2103 2152 2154 2203
2104 2153 2762 2155 2204
2105 2154 2156 2205
2106 2155 2157 2206
2107 2156 2158 2207
2208 2108 2157 2159
2160 2209 2732 2109 2158
2161 2210 3148 2110 2159
2160 2162 2211 2111
2112 2161 2163 2212
2113 2162 2164 2213 3118
2114 2163 2165 2709 2214
2115 2164 2166 2215 2686
2116 2165 2167 2216
2117 2166 2168 2217
2118 2167 2169 2218
2119 2168 2170 2219
2120 2169 2171 2220
2121 2170 2172 2221
2122 2171 2173 2222
2123 2172 2174 2223
2224 2124 2173 2622 2175
2176 2225 2914 2125 2174
2177 2226 2126 2175
2176 2178 2227 2127
2128 2177 2179 2228
2129 2178 2180 2229 2522
2130 2179 2181 2230
2131 2180 2182 2231
2132 2181 2183 2232 2523 3215
2133 2726 2182 2184 2233
2134 2183 2185 2234 2812
3057 2135 2184 2186 2235
2136 2185 2187 2236
2577 2137 2186 2188 2237
2138 2187 2189 2238
3078 2139 2188 2190 2239
2240 2140 2189 2191
2192 2241 2141 2190
2193 2242 3053 2142 2191
2192 2194 2243 2143
2144 2193 2195 2244
2145 3202 2194 2196 2245
2146 2195 2197 2246
2147 2196 2198 2247
3120 2148 2197 2199 2248
2149 2198 2200 2249
2150 2199 2250
2151 2202 2251
2152 2201 2203 2252
2153 2202 2683 2204 2253
2154 2203 2205 2254
2155 2204 2206 2255
2256 2156 2205 2207
2208 2257 2157 2206
2209 2258 2158 2207
2208 2210 2259 2159
2160 2209 2211 2260 2548
2161 2210 2212 2261
2162 2211 2213 2262 3095
2163 2212 2214 2263 3006
2164 2213 2215 2264
2165 2214 2216 2265
2166 2215 2217 2266
2167 2216 2218 2267 2699
2168 2217 2219 2268
2169 2218 2220 2269
2966 3225 2170 2219 2221 2270
2171 2220 2222 2271
2272 2172 3180 2221 2223
2224 2273 2173 2222
2225 2274 2174 2223
2224 2226 2275 2175
2176 2225 2227 2276 2936
2177 2226 2228 2277 3109
2178 2227 2868 2229 2278
2179 2228 2230 2279
2180 2229 2231 2280
2181 2230 2232 2281
2182 2231 2233 2282
2183 2232 2234 2634 2283
2184 2233 2235 2284
2185 2234 2236 2285
2186 2235 2237 2286
2187 2236 2238 2287
2288 2188 2237 2239
2240 2289 2189 2238
2241 2290 3111 2190 2239
2240 2242 2291 2191
2192 2241 2243 2292 3103
2193 2242 2244 2293 2986
2194 2243 2245 2294
2195 2244 2246 2295
2196 2245 2247 2296 2735
3092 2197 2246 2248 2297
2198 2247 2249 2298
2562 2199 2248 2250 2299
2200 2249 2300
2201 2252 2301
2202 2251 2253 2302
2886 2203 2252 2254 2303
2992 2304 2204 2253 2255
2256 2512 2305 2205 2254
2257 2306 2206 2255
2256 2258 2307 2207
2208 2257 2259 2308
2209 3153 2258 3060 2260 2309
2210 2259 2261 2310 2989
2211 2260 2262 2311
2212 2261 2263 2312 3167
2213 2262 2264 2313
2882 2214 2263 2265 2314
2215 2264 2266 2315
2216 2265 2267 2316
2217 2266 2268 2317
2218 2267 2269 2318
2219 2971 2268 2270 2319
2320 2220 2269 2271
2272 2321 2221 2270
2273 2322 2222 2783 2271
2272 2274 2323 3051 2223
2224 2273 2275 2324
2225 2274 3235 2276 2325
2226 2275 2277 2326
3137 2227 2276 2278 2327
2228 2612 2277 2279 2328
2229 2278 2280 2329
2230 2279 2281 2330
2231 2280 2282 2331
2232 2712 2281 2283 2332
2947 2233 2282 2284 2333
2234 2283 2285 2334
3046 2235 2284 2286 2335
2336 2236 2285 2287
2288 2337 2237 2286
2289 2338 2238 2287
2288 2290 2339 2239
2240 2289 2291 2340
2241 2290 2292 2341 2766
2242 2291 2293 2342
2243 2292 2294 2343
2800 2244 2293 2295 2344
2245 2294 2296 2345
2246 2295 2297 2346
2247 2296 2298 2347
2248 2297 2299 2348
2249 2298 2300 2349
2250 2299 2350
2251 2302 2351
2352 2252 2301 2303
2304 2353 2253 2302
2305 2354 2254 2303
2304 2306 2355 2255
2256 2305 2307 2356
2257 2306 2308 2357
2258 2307 2309 2358
2259 2308 2310 2359
2260 2309 2311 2360
2261 2310 2312 2361
2262 2311 2313 2362
2263 2312 2314 2363
2264 2313 2315 2364
2265 2314 2316 2365
2266 2315 2620 2317 2366
2267 2316 2318 2367
2368 2268 2317 2319
2320 2369 2269 2318
2321 2370 2270 2319
2320 2322 2371 2271
2272 2321 2323 2372
2273 2322 2324 2373 2646
2274 2323 2325 2374
2275 2324 2326 2375 2828
2276 2325 2327 2376 2585
2277 2806 2326 2328 2377
2278 2327 2329 2378
2881 2279 2328 2330 2379
2280 2329 2331 2380
2281 2330 2332 2381
2852 2282 2331 2333 2382
2833 2283 2332 2334 2383
2384 2284 2333 2335
2336 2385 2285 2334
2337 2386 2286 2335
2336 2338 2387 2287
2288 2337 2339 2388
2289 2338 2340 2389
2290 2339 2341 2390
2291 2340 2342 2391
2292 2341 2343 2392
2293 2342 2344 2393
2294 2343 2345 2394 3022
2295 2344 2346 2395
2296 2345 2347 2396
2818 2297 2346 2348 2397
2298 2347 2349 2398
2299 2348 2350 2399
2400 2300 2349
2352 2401 2301
2353 2402 2302 3071 2351
2352 2354 2403 2303
2304 2353 2355 2404 2537
2305 2354 2356 2405
2306 2355 2357 2406 3242
2307 2356 2358 2407
2308 2357 2359 2408
2309 2358 2360 2409 2557
2310 2359 2361 2410
2311 2360 2362 2411
2802 2312 2361 2363 2412
2313 2362 2364 2413
3096 2314 2363 2365 2414
2315 2364 2366 2415
2416 2980 2316 2365 2367
2368 2417 2317 2797 2366
2369 2418 2318 2367
2368 2370 2419 2319
2320 2369 2371 2420
2321 2370 2372 2421 3227
2322 2371 2373 2422
2323 2372 2374 2423
2324 2373 2375 2424
2325 2374 2376 2425 2794
2722 2326 2375 2377 2426
2327 2376 2378 2427
2550 2328 2377 2379 2428
2329 2378 2380 2429
2330 3082 2379 2381 2430
2331 2380 2382 2431
2432 2332 2381 2383
2384 2433 2333 2382
2385 2434 2334 2383
2384 2386 2435 2335
2336 2385 2387 2436
2337 2386 2388 2437 2695
2338 2627 2387 2389 2438
2339 2388 2390 2439
2340 2389 2391 2440 2747
2341 2390 2392 2441
2342 2391 2393 2442
2343 2392 2394 2443
2344 2393 2395 2444 2765
2345 2394 2396 2445
2346 2395 2397 2446
2347 2396 2398 2447
2448 2348 2397 2399
2400 2592 2449 2349 2398
2450 2350 2399
2402 2451 2351
2352 2401 2403 2452
2353 2402 2404 2453
2354 2403 2405 2454 2844
2355 2404 2406 2455
2849 2356 2405 2407 2456
2357 2406 2408 2457
3237 2358 2407 2409 2458
2359 2408 2410 2459
2360 2409 2411 2460
2820 2361 2410 2412 2461
2362 2411 2413 2462
2363 2412 2414 2463
2464 2364 2413 2415
2416 2465 2365 2414
2417 2466 2978 2366 2415
2416 2418 2467 2367
2368 2417 2419 2468
2369 2418 2420 2469
2370 2419 2421 3029 2470
2371 2420 2422 2471
2372 2421 2423 2472
2373 2422 2424 2473
2374 2423 2425 2474
2375 2424 2426 2475
2376 2425 2427 2476 2591
2377 2426 2428 2477
2378 2427 2429 2478
2679 2379 2428 2430 2479
2480 2380 2429 2431
2432 2481 3017 2381 2430
2433 2482 3108 2382 2431
2432 2434 2483 2383
2384 2433 2435 2484
2385 2434 2436 2485
2386 2435 2437 2486 2952
2387 2436 2438 2487 2687
2388 2437 2439 2488
2389 2438 2440 2489
2390 2439 2441 2490 2541
3072 2391 2440 2442 2491
2392 2441 2443 2492
2393 2442 2444 2493
2394 2443 2445 2494
3210 2395 2700 2444 2446 2495
2496 2396 2445 2447
2448 2497 2397 2446
2449 2498 2398 2447
2448 2450 2499 2823 2399
2400 2449 2500 3028
2401 2452
2402 2451 2453 2888
2403 2452 2454
2404 2453 2455
2405 2454 2456
2406 2455 2457
2407 2456 2458
2408 2457 2459
2409 2458 2460
2817 2410 2459 2461
2411 2460 2462
2899 2412 2461 2463
2464 2810 2413 2462
2465 2414 2463
2464 2466 2415
2416 2465 2467 2635
2417 2466 2468 2958
2418 2626 2467 2469
2419 2468 2470
2420 2469 2471
2421 2470 2472
2422 2471 2473
2423 2472 2474
2424 2473 2475
3174 2425 2474 2476
2426 2475 2477
2427 2476 2478
2428 2477 2479
2480 2429 2478
2481 2430 2479
2480 2482 2431
2432 2481 2483
2433 2482 2484
2434 2483 2485
2435 2484 2486
2436 2485 2487
2437 2486 2488
2438 2487 3032 2489
2439 2488 2490 2731
2440 2489 2491 2539
2441 2490 2492
2928 2442 2491 2493
2443 2492 2494
2444 2493 2495
2496 2445 2494
2497 3107 2446 2495
2496 2498 2842 2447
2448 2497 2499
2449 2705 2498 2500
2450 2499
1777
211
1326
1035
1119
1841
1038
551
554
740
1430
2255
1697
1296
239
1376
317
1089
1934
651
131
2179
2182
729
1552
206
1890
73
1041
2096
348
1825
567
1834
1722
1170
2354
447
2490
590
2440
869
966
413
109
882
794
2210
1403
2378
1243
1760
1228
1953
66
442
2359
583
5
1256
1985
2249
1485
553
1111
902
1519
1791
27
346
110
1008
1712
440
1088
1387
2187
166
172
1284
333
478
2019
349
2326
424
1501
579
1203
1761
2426
2399
1208
407
285
462
822
1213
1873
467
1640
507
1924
1511
1040
438
1940
191
1798
787
1702
2278
2041
20
1289
836
331
524
1290
2316
641
2174
1850
731
304
2468
2388
1415
337
932
1098
1703
774
2233
2466
1667
2129
605
448
1979
185
1015
959
1727
1146
2323
1143
1823
1254
1774
233
1163
726
2148
1178
1086
2131
1126
1336
2083
1378
1675
1982
322
1285
1842
1199
323
378
1525
1495
47
258
1168
809
1673
1925
2077
2429
968
1407
17
2203
736
1347
2165
2437
196
1441
1393
1410
896
2070
989
2387
931
1978
1186
2217
2445
1568
527
1908
1397
2499
1827
1273
688
2164
1097
918
2282
157
1073
559
1602
1597
200
471
2117
1802
2376
948
1147
1435
2183
1603
1426
1586
1788
2489
2159
2132
1790
2246
1239
177
1062
818
1591
1115
701
575
1990
998
588
2390
384
1049
566
738
2003
2055
921
1016
1963
1769
853
44
158
1523
2154
1309
1235
2394
2291
1759
747
366
2074
1698
1930
1108
375
1526
1474
1364
403
1807
404
1085
1117
2272
355
2035
178
1752
974
38
1052
313
1122
1191
2375
994
195
2367
1297
1820
2294
365
2362
538
188
945
2327
1889
103
2
2463
45
2184
514
2069
1548
761
2460
2347
1192
2411
1027
1836
2449
1851
493
90
1816
2325
1801
1013
1993
1457
2333
1328
859
577
817
2141
1230
1652
97
2497
136
2404
982
61
1886
1090
2406
890
1130
2332
915
1425
1939
2149
893
2004
421
951
1654
214
423
1593
385
78
1385
2228
7
800
1154
1771
1335
824
639
1114
290
683
441
1608
2329
2264
548
302
1794
2253
1383
2452
1036
1567
1315
2008
1766
1188
1720
242
911
1860
2462
2100
374
992
907
443
988
1570
600
892
1171
1373
1470
456
1800
2175
886
739
2079
19
198
1386
2025
244
1829
475
1831
1803
1365
2492
595
887
1554
723
2068
283
428
2226
880
2075
781
680
1118
98
1037
481
2103
1451
2283
759
649
272
37
2436
2056
1202
2098
540
942
2467
152
418
940
2144
1248
616
1011
2220
1862
949
995
1106
2269
1314
1065
1553
1613
1580
1748
2416
515
2366
1134
1307
170
286
909
2243
96
1404
2260
82
1513
2254
1252
906
1542
1225
1824
1436
525
343
1964
1070
253
1817
53
2213
1610
1560
1432
1717
1023
914
821
2014
840
1868
2431
104
363
564
1467
2344
841
1885
1081
398
529
2450
2420
1169
135
2488
1492
130
156
1044
1955
42
458
501
1502
1321
1810
1193
1312
2285
1837
1264
1773
510
2273
957
2192
1056
345
1004
2185
2061
996
2259
2153
807
1756
2002
1604
1434
1935
888
119
405
2352
2441
71
1157
979
2094
1345
2189
1136
2042
1433
2380
89
682
2093
956
563
1462
108
816
1002
2247
1185
1431
2212
2364
1938
1455
1219
898
1997
292
2242
2006
875
1005
2496
2432
2227
321
2240
1288
990
619
658
319
329
2163
397
2198
1067
941
40
1331
717
785
530
708
2071
109
1727
108
1050
899
1664
231
2277
584
1939
487
762
625
161
1398
17
1034
455
2160
541
379
843
1841
2259
1524
1952
123
85
304
168
2118
1366
1740
1710
1341
1456
1577
2262
47
1929
81
464
1470
228
2475
628
519
1186
1070
1920
2222
1032
1395
372
162
2128
1281
709
433
1145
859
1695
827
254
1528
1626
1360
1573
1465
690
1085
1006
2195
990
1140
2143
1635
717
1970
437
2445
1943
1842
1546
962
2182
850
1494
382
1004
65
2093
1650
1923
476
2220
1242
2371
654
1282
371
1949
2053
2041
1060
2275
769
2408
847
1171
434
543
2356
780
754
145
1247
528
224
1013
49
